seed: 42
policy: MlpPolicy
n_timesteps: 50000000
checkpoint_interval: 1000000000
batch_size: 2048
buffer_size: 1000000
ent_coef: auto_0.0014972418655375289
gamma: 0.9760365308424475
gradient_steps: 512
learning_rate: 0.000501832162186148
learning_starts: 100
policy_delay: 2
policy_kwargs:
  net_arch:
  - 128
  - 128
  - 128
  activation_fn: nn.ELU
  layer_norm: true
tau: 0.04899599607808367
train_freq: 1
n_steps: 1
qf_learning_rate: 0.0017254716573280352
