Report Generated: 2026-04-01 12:13:16.148133
Survival_Rate_Pct: 100.0
Mean_Tracking_Error_XY: 0.0013861575862392783
Episode_Reward_track_lin_vel_xy_exp: 0.0013527607079595327
Episode_Reward_track_ang_vel_z_exp: 0.0007010709377937019
Episode_Reward_lin_vel_z_l2: -2.5351486328872852e-05
Episode_Reward_ang_vel_xy_l2: -2.717203096835874e-05
Episode_Reward_dof_torques_l2: -5.779033017461188e-05
Episode_Reward_dof_acc_l2: -2.5848919904092327e-05
Episode_Reward_action_rate_l2: -2.923576539615169e-05
Episode_Reward_feet_air_time: -2.612180651340168e-05
Episode_Reward_flat_orientation_l2: -1.0411102266516536e-05
Episode_Reward_dof_pos_limits: 0.0
Metrics_base_velocity_error_vel_yaw: 0.0002121849247487262
Episode_Termination_time_out: 0.0010000000474974513
Cumulative_Reward_Mean: 37.038002014160156
