seed: 42
policy: MlpPolicy
n_timesteps: 50000000
checkpoint_interval: 1000000000
buffer_size: 1000000
learning_starts: 100
policy_kwargs:
  layer_norm: true
batch_size: 2048
ent_coef: auto_0.0014972418655375289
gamma: 0.9760365308424475
gradient_steps: 512
learning_rate: 0.000501832162186148
policy_delay: 4
tau: 0.04899599607808367
train_freq: 4
