seed: 42
policy: MlpPolicy
n_timesteps: 50000000
checkpoint_interval: 1000000000
batch_size: 1024
buffer_size: 1000000
ent_coef: auto_0.008960785365368127
gamma: 0.9824908023769472
gradient_steps: 32
learning_rate: 0.0017254716573280352
learning_starts: 100
policy_delay: 8
policy_kwargs:
  net_arch:
  - 128
  - 128
  - 128
  activation_fn: nn.ELU
  layer_norm: true
tau: 0.0023055560568780655
train_freq: 1
n_steps: 1
qf_learning_rate: 0.0017254716573280352
