Report Generated: 2026-04-02 13:15:36.536842
Survival_Rate_Pct: 100.000000
Metrics/base_velocity/error_vel_xy: 0.106902
Episode_Reward_track_lin_vel_xy_exp: 0.513496
Episode_Reward_track_ang_vel_z_exp: 0.235995
Episode_Reward_lin_vel_z_l2: -0.018396
Episode_Reward_ang_vel_xy_l2: -0.018861
Episode_Reward_dof_torques_l2: -0.027611
Episode_Reward_dof_acc_l2: -0.009093
Episode_Reward_action_rate_l2: -0.010016
Episode_Reward_feet_air_time: -0.004552
Episode_Reward_flat_orientation_l2: -0.038682
Episode_Reward_dof_pos_limits: 0.000000
Metrics_base_velocity_error_vel_yaw: 0.166061
Episode_Termination_time_out: 0.000995
Cumulative_Reward_Mean: 38.274277
Action_Space_Low: [-0.89, -1.10, -0.95, -0.80, -1.23, -2.35, -0.67, -0.93, -1.54, -1.86, -1.68, -2.18]
Action_Space_High: [1.44, 1.25, 1.19, 2.03, 1.43, 1.66, 1.77, 2.05, 0.99, 1.20, 0.99, 0.74]
